Params:
	Cs: [1e-05, 0.0001, 0.001, 0.01, 0.1, 1, 10, 100, 1000, 10000]
	class_weight: None
	cv: 80
	dual: False
	fit_intercept: True
	intercept_scaling: 1.0
	l1_ratios: [0.0, 0.01, 0.02, 0.03, 0.04, 0.05, 0.06, 0.07, 0.08, 0.09, 0.1, 0.11, 0.12, 0.13, 0.14, 0.15, 0.16, 0.17, 0.18, 0.19, 0.2, 0.21, 0.22, 0.23, 0.24, 0.25, 0.26, 0.27, 0.28, 0.29, 0.3, 0.31, 0.32, 0.33, 0.34, 0.35000000000000003, 0.36, 0.37, 0.38, 0.39, 0.4, 0.41000000000000003, 0.42, 0.43, 0.44, 0.45, 0.46, 0.47000000000000003, 0.48, 0.49, 0.5, 0.51, 0.52, 0.53, 0.54, 0.55, 0.56, 0.5700000000000001, 0.58, 0.59, 0.6, 0.61, 0.62, 0.63, 0.64, 0.65, 0.66, 0.67, 0.68, 0.6900000000000001, 0.7000000000000001, 0.71, 0.72, 0.73, 0.74, 0.75, 0.76, 0.77, 0.78, 0.79, 0.8, 0.81, 0.8200000000000001, 0.8300000000000001, 0.84, 0.85, 0.86, 0.87, 0.88, 0.89, 0.9, 0.91, 0.92, 0.93, 0.9400000000000001, 0.9500000000000001, 0.96, 0.97, 0.98, 0.99, 1.0]
	max_iter: 1000
	multi_class: deprecated
	n_jobs: 3
	penalty: elasticnet
	random_state: 2
	refit: True
	scoring: f1_micro
	solver: saga
	tol: 0.0001
	verbose: 3

Final C: [10.]

 Final l1_ratio: [0.]

Coefficients:
	CreditScore: -0.057012186959753346
	Geography: 0.10657553865368254
	Gender: -0.26748789244702514
	Age: 0.7277777540358337
	Tenure: -0.033894906341942414
	Balance: 0.12572249375153163
	NumOfProducts: 2.300242913290352
	HasCrCard: -0.03400874494485582
	IsActiveMember: -0.5638109521452193
	EstimatedSalary: 0.0254755749971316
	Satisfaction Score: -0.03824625665315046
	Card Type: 0.015613652167432275
	Point Earned: -0.017225291061599136
	MoreThanOneProduct: -2.672028742814175

Preprocessing Time: 0.1981210708618164

Fitting Time: 831.4292714595795

              precision    recall  f1-score   support

           0       0.85      0.97      0.91      1585
           1       0.75      0.34      0.47       415

    accuracy                           0.84      2000
   macro avg       0.80      0.65      0.69      2000
weighted avg       0.83      0.84      0.81      2000
